header: 
  seq: 11
  stamp: 
    secs: 2044
    nsecs: 275000000
  frame_id: "map"
pose: 
  position: 
    x: 0.996253430843
    y: 0.0020158290863
    z: 0.0
  orientation: 
    x: 0.0
    y: 0.0
    z: -0.704765388715
    w: 0.709440446316
header: 
  seq: 12
  stamp: 
    secs: 2053
    nsecs: 709000000
  frame_id: "map"
pose: 
  position: 
    x: 1.0108050108
    y: -0.319057583809
    z: 0.0
  orientation: 
    x: 0.0
    y: 0.0
    z: -0.715034431691
    w: 0.699089237148
