header: 
  seq: 4
  stamp: 
    secs: 295
    nsecs: 196000000
  frame_id: "map"
pose: 
  position: 
    x: 5.04991197586
    y: 1.04219520092
    z: 0.0
  orientation: 
    x: 0.0
    y: 0.0
    z: -0.50642459032
    w: 0.862284253782
header: 
  seq: 5
  stamp: 
    secs: 309
    nsecs: 962000000
  frame_id: "map"
pose: 
  position: 
    x: -1.99912035465
    y: 0.966400027275
    z: 0.0
  orientation: 
    x: 0.0
    y: 0.0
    z: 0.971038522638
    w: 0.238922974101
